0
0
0
0
0
479
267
106
39
39
49
128
128
43
133
140
141
140
156
179
166
168
167
166
179
218
208
214
234
257
277
295
309
324
308
316
226
229
161
129
129
167
223
231
226
196
156
99
101
116
135
162
174
203
224
240
287
277
202
158
151
146
146
200
210
158
119
123
120
138
175
191
200
230
241
257
269
290
355
280
208
83
67
53
90
216
236
189
170
149
119
125
167
191
209
227
252
257
280
312
195
115
68
61
65
136
241
201
133
127
127
131
148
148
148
148
148
148
148
148
148
148
74
110
116
129
142
163
191
128
113
117
137
134
134
134
134
134
134
134
134
134
134
26
98
90
113
166
189
235
193
139
133
143
122
139
151
176
201
215
225
237
251
348
247
204
126
89
82
138
222
198
165
131
131
131
131
131
131
131
131
131
131
257
61
124
200
185
198
195
180
144
199
169
175
194
205
191
191
191
191
191
191
191
191
191
191
121
65
71
104
136
129
168
134
139
139
175
205
82
65
68
103
145
190
167
137
131
128
156
155
38
79
79
103
127
136
110
96
94
97
86
60
42
39
32
37
31
16
7
3
43
0
0
0
0
0
0
0
0
0
