0
0
0
12
192
282
264
242
236
175
135
182
185
210
220
241
250
255
265
285
233
257
237
258
225
208
161
156
181
164
170
168
62
100
149
155
159
177
186
151
143
130
128
130
146
169
68
146
157
161
189
197
171
158
159
157
158
158
35
97
151
162
191
189
161
121
121
108
117
123
123
123
123
123
123
123
123
123
123
54
134
151
156
193
216
174
143
149
144
151
143
143
155
161
163
196
206
223
232
297
251
199
161
137
126
139
162
190
145
146
139
126
115
114
129
146
184
208
232
252
294
304
250
202
180
159
140
153
166
130
152
145
132
154
155
67
131
155
169
182
181
152
122
131
124
135
147
170
191
208
222
249
268
282
300
292
273
222
179
149
133
158
155
171
167
171
171
171
171
171
171
171
171
171
171
8
66
166
227
253
269
263
248
214
174
170
170
170
170
170
170
170
170
170
170
170
7
76
160
213
217
228
218
197
186
150
137
136
27
106
158
181
173
168
158
145
129
116
109
96
81
84
5
11
0
0
0
0
0
0
