0
41
135
149
151
175
173
104
175
219
209
188
172
115
121
209
215
214
208
156
77
160
224
225
225
201
105
92
191
211
210
211
163
89
175
209
209
208
193
92
131
205
202
202
201
135
48
201
218
217
218
200
83
136
211
210
209
204
129
93
204
207
207
207
170
65
163
211
209
210
202
99
120
210
213
213
212
142
53
188
228
229
228
210
89
112
202
207
206
205
142
84
203
203
200
199
169
57
148
182
178
177
170
82
79
151
149
142
132
81
47
47
7
0
0
0
0
0
0
0
0
0
0
0
0
0
0
0
0
0
0
0
0
0
0
0
0
0
0
0
0
0
0
0
0
0
0
0
0
0
0
0
0
0
0
0
0
0
0
0
0
0
0
0
0
0
0
0
0
0
0
0
0
0
0
0
0
0
0
0
0
0
0
0
0
0
0
0
0
0
0
0
0
0
0
0
0
0
0
0
0
0
0
0
0
0
0
0
0
0
0
0
0
0
0
0
0
0
0
0
0
0
0
0
0
0
0
0
0
0
0
0
0
0
0
0
0
0
0
0
0
0
0
0
0
0
0
0
0
0
0
0
0
0
0
0
0
0
0
0
0
0
0
0
0
0
0
0
0
0
0
0
0
0
0
0
0
0
0
0
0
0
0
0
0
0
0
0
0
0
0
0
0
0
0
0
0
0
0
0
0
0
0
0
0
0
0
0
0
0
0
0
0
0
0
0
0
0
0
0
0
0
0
0
0
0
0
0
0
0
0
0
0
0
0
0
0
0
0
0
0
0
0
0
0
0
0
0
0
0
0
0
0
0
0
0
0
0
0
0
0
0
0
0
0
0
0
0
0
0
0
