0
0
0
0
0
0
0
9
0
150
0
18
0
10
6
0
20
0
39
26
8
30
6
1
0
0
0
0
75
0
0
0
0
0
0
0
0
0
0
2
93
1
0
0
3
1
8
1
12
0
0
2
1
0
0
0
0
0
2
0
0
18
0
1
11
0
0
0
0
1
2
0
204
0
0
0
0
0
0
0
0
1
1
0
0
0
59
1
1
1
0
0
0
3
2
0
35
0
0
0
0
18
1
0
0
30
1
1
0
1
46
9
14
15
33
100
0
23
1
2
16
0
0
0
1
0
39
0
1
0
7
0
1
12
0
0
157
0
0
0
0
0
0
0
2
32
0
67
1
0
1
0
0
0
8
0
0
0
1
0
1
42
1
0
1
3
0
0
0
0
1
9
0
0
15
0
51
0
24
0
0
0
0
0
0
0
0
13
1
0
0
0
0
0
13
0
10
1
0
0
0
0
1
0
0
29
87
0
1
1
2
0
0
1
0
1
211
23
43
190
11
1
118
0
1
41
1
54
29
43
1
0
0
0
42
0
0
0
0
29
0
0
0
8
5
51
0
0
0
0
0
0
3
0
6
10
0
27
0
0
21
0
0
1
0
14
27
48
0
33
16
0
0
72
13
20
4
0
40
53
0
1
1
0
1
0
0
0
0
0
0
0
0
0
1
0
0
0
0
0
208
251
0
71
71
71
71
71
71
71
71
71
71
71
71
71
71
71
71
71
71
71
71
71
71
71
71
71
71
71
71
71
71
71
71
71
71
71
71
71
71
71
71
71
71
71
71
71
71
71
71
71
71
71
71
71
71
71
71
71
71
71
71
0
1
25
0
0
4
0
1
38
1
0
0
0
45
31
1
0
2
1
6
36
25
0
0
0
53
0
2
3
21
0
3
5
5
0
19
0
0
0
0
0
0
0
27
2
0
0
0
0
0
0
0
0
0
0
0
0
0
0
0
0
0
0
0
0
0
