0
0
0
0
0
0
0
0
0
0
0
5
77
0
0
0
0
0
1
1
0
0
0
0
0
0
4
0
4
1
0
23
26
1
50
0
0
0
0
0
0
34
0
8
1
2
1
0
0
0
0
0
1
0
1
0
0
1
70
1
1
1
0
0
0
1
0
6
0
0
0
0
0
0
1
0
0
7
0
0
0
2
0
0
1
0
1
0
0
0
1
2
1
0
0
0
0
0
0
0
0
1
0
1
0
1
0
1
1
0
0
2
0
0
3
1
0
0
12
11
0
22
7
0
0
2
0
0
0
0
0
0
2
0
0
0
0
0
0
0
0
0
0
0
0
2
0
1
0
0
0
0
0
0
1
0
1
0
0
0
0
5
1
0
0
0
0
0
1
13
0
0
0
0
0
0
0
0
0
0
0
0
0
0
0
0
0
2
4
0
0
0
1
0
0
1
0
0
0
0
2
0
4
1
0
0
0
0
12
0
0
0
0
0
1
1
1
0
1
0
0
0
0
0
0
0
0
0
0
0
2
0
8
2
75
2
0
0
0
1
0
0
0
1
0
0
1
0
0
1
0
0
1
0
0
0
0
0
0
0
2
0
0
0
0
1
1
1
0
0
0
0
0
0
16
0
0
1
2
0
0
22
0
0
0
0
0
0
1
0
0
0
0
0
1
0
0
0
1
0
0
0
57
0
30
30
30
30
30
30
30
30
30
30
30
30
30
30
30
30
30
30
30
30
30
30
30
30
30
30
30
30
30
30
30
30
30
30
30
30
30
30
30
30
30
30
30
30
30
30
30
30
30
30
30
30
30
30
30
30
30
30
30
30
0
0
0
11
1
0
0
0
0
0
11
1
1
0
1
0
0
0
13
0
0
0
0
0
0
0
0
2
0
1
1
0
2
2
0
0
1
1
0
54
26
2
1
1
0
4
0
0
0
0
0
0
0
0
0
0
0
0
0
0
0
0
0
0
0
0
0
0
